Map 1 (rule following) Goal utility 55
Grass Capacity | Population | Universalized Utility
--------------------------------------------------
            10 |         10 |                46.20
            10 |         20 |                20.93
            10 |         30 |                45.88
            10 |         40 |                36.45
            10 |         50 |                32.70
            10 |         60 |                36.35
            10 |         70 |                28.06
            10 |         80 |                38.11
            10 |         90 |                31.90
            10 |        100 |                26.84
            10 |        110 |                36.36
            10 |        120 |                30.02
            10 |        130 |                28.77
            10 |        140 |                40.72
            10 |        150 |                32.90
            10 |        160 |                34.53
            10 |        170 |                35.75
            10 |        180 |                30.82
            10 |        190 |                32.08
            20 |         10 |                25.09
            20 |         20 |                28.22
            20 |         30 |                19.49
            20 |         40 |                40.61
            20 |         50 |                43.53
            20 |         60 |                40.38
            20 |         70 |                30.10
            20 |         80 |                32.46
            20 |         90 |                34.83
            20 |        100 |                23.57
            20 |        110 |                33.92
            20 |        120 |                32.20
            20 |        130 |                28.79
            20 |        140 |                32.12
            20 |        150 |                31.39
            20 |        160 |                29.91
            20 |        170 |                33.67
            20 |        180 |                34.75
            20 |        190 |                35.95
            30 |         10 |                14.95
            30 |         20 |                34.97
            30 |         30 |                27.24
            30 |         40 |                33.53
            30 |         50 |                34.74
            30 |         60 |                36.84
            30 |         70 |                32.08
            30 |         80 |                31.10
            30 |         90 |                32.84
            30 |        100 |                29.57
            30 |        110 |                23.60
            30 |        120 |                29.30
            30 |        130 |                32.30
            30 |        140 |                30.24
            30 |        150 |                29.50
            30 |        160 |                34.26
            30 |        170 |                29.67
            30 |        180 |                32.73
            30 |        190 |                30.41
            40 |         10 |                37.06
            40 |         20 |                26.82
            40 |         30 |                38.28
            40 |         40 |                28.68
            40 |         50 |                40.04
            40 |         60 |                34.57
            40 |         70 |                32.94
            40 |         80 |                37.97
            40 |         90 |                33.10
            40 |        100 |                31.80
            40 |        110 |                33.96
            40 |        120 |                31.80
            40 |        130 |                34.49
            40 |        140 |                33.52
            40 |        150 |                30.69
            40 |        160 |                33.87
            40 |        170 |                31.39
            40 |        180 |                34.86
            40 |        190 |                30.25
            50 |         10 |                26.21
            50 |         20 |                46.59
            50 |         30 |                24.28
            50 |         40 |                24.49
            50 |         50 |                25.73
            50 |         60 |                35.33
            50 |         70 |                41.23
            50 |         80 |                26.69
            50 |         90 |                34.71
            50 |        100 |                33.87
            50 |        110 |                33.53
            50 |        120 |                32.13
            50 |        130 |                32.59
            50 |        140 |                32.13
            50 |        150 |                30.46
            50 |        160 |                38.32
            50 |        170 |                36.43
            50 |        180 |                37.52
            50 |        190 |                27.48
            60 |         10 |                34.82
            60 |         20 |                27.16
            60 |         30 |                39.86
            60 |         40 |                22.44
            60 |         50 |                34.01
            60 |         60 |                40.98
            60 |         70 |                33.41
            60 |         80 |                33.53
            60 |         90 |                31.42
            60 |        100 |                37.53
            60 |        110 |                32.59
            60 |        120 |                35.96
            60 |        130 |                33.16
            60 |        140 |                28.45
            60 |        150 |                30.94
            60 |        160 |                31.73
            60 |        170 |                31.83
            60 |        180 |                32.25
            60 |        190 |                33.25
            70 |         10 |                27.24
            70 |         20 |                23.04
            70 |         30 |                30.19
            70 |         40 |                39.04
            70 |         50 |                30.52
            70 |         60 |                27.83
            70 |         70 |                30.09
            70 |         80 |                32.70
            70 |         90 |                34.39
            70 |        100 |                35.92
            70 |        110 |                27.54
            70 |        120 |                33.70
            70 |        130 |                34.82
            70 |        140 |                30.58
            70 |        150 |                33.89
            70 |        160 |                33.69
            70 |        170 |                33.27
            70 |        180 |                36.45
            70 |        190 |                29.41
            80 |         10 |                23.00
            80 |         20 |                36.32
            80 |         30 |                25.37
            80 |         40 |                32.76
            80 |         50 |                34.29
            80 |         60 |                23.92
            80 |         70 |                40.44
            80 |         80 |                34.20
            80 |         90 |                33.91
            80 |        100 |                31.38
            80 |        110 |                32.31
            80 |        120 |                28.28
            80 |        130 |                35.02
            80 |        140 |                32.26
            80 |        150 |                32.22
            80 |        160 |                27.85
            80 |        170 |                31.85
            80 |        180 |                35.03
            80 |        190 |                38.33
            90 |         10 |                32.27
            90 |         20 |                29.31
            90 |         30 |                33.53
            90 |         40 |                35.42
            90 |         50 |                30.60
            90 |         60 |                33.00
            90 |         70 |                39.12
            90 |         80 |                31.16
            90 |         90 |                32.82
            90 |        100 |                28.60
            90 |        110 |                30.40
            90 |        120 |                34.15
            90 |        130 |                41.61
            90 |        140 |                29.90
            90 |        150 |                29.01
            90 |        160 |                29.84
            90 |        170 |                33.76
            90 |        180 |                29.22
            90 |        190 |                36.77
           100 |         10 |                39.49
           100 |         20 |                35.46
           100 |         30 |                34.54
           100 |         40 |                33.93
           100 |         50 |                34.81
           100 |         60 |                34.07
           100 |         70 |                26.82
           100 |         80 |                31.68
           100 |         90 |                26.51
           100 |        100 |                31.36
           100 |        110 |                33.05
           100 |        120 |                37.89
           100 |        130 |                34.66
           100 |        140 |                37.14
           100 |        150 |                37.26
           100 |        160 |                29.10
           100 |        170 |                35.26
           100 |        180 |                32.99
           100 |        190 |                36.17
           110 |         10 |                33.34
           110 |         20 |                32.27
           110 |         30 |                41.71
           110 |         40 |                37.01
           110 |         50 |                30.30
           110 |         60 |                26.97
           110 |         70 |                32.25
           110 |         80 |                28.58
           110 |         90 |                31.89
           110 |        100 |                34.05
           110 |        110 |                30.20
           110 |        120 |                28.68
           110 |        130 |                32.36
           110 |        140 |                37.17
           110 |        150 |                39.40
           110 |        160 |                32.22
           110 |        170 |                27.41
           110 |        180 |                31.32
           110 |        190 |                34.01
           120 |         10 |                29.07
           120 |         20 |                35.87
           120 |         30 |                43.07
           120 |         40 |                38.60
           120 |         50 |                31.93
           120 |         60 |                39.42
           120 |         70 |                34.75
           120 |         80 |                36.55
           120 |         90 |                39.07
           120 |        100 |                35.05
           120 |        110 |                35.00
           120 |        120 |                28.78
           120 |        130 |                35.35
           120 |        140 |                38.67
           120 |        150 |                32.64
           120 |        160 |                31.58
           120 |        170 |                34.67
           120 |        180 |                34.22
           120 |        190 |                35.28
           130 |         10 |                21.25
           130 |         20 |                28.98
           130 |         30 |                32.66
           130 |         40 |                35.23
           130 |         50 |                31.35
           130 |         60 |                30.78
           130 |         70 |                32.29
           130 |         80 |                29.34
           130 |         90 |                32.59
           130 |        100 |                31.93
           130 |        110 |                40.31
           130 |        120 |                26.30
           130 |        130 |                28.87
           130 |        140 |                36.96
           130 |        150 |                31.33
           130 |        160 |                28.59
           130 |        170 |                35.31
           130 |        180 |                30.81
           130 |        190 |                38.09
           140 |         10 |                48.75
           140 |         20 |                35.25
           140 |         30 |                21.78
           140 |         40 |                35.29
           140 |         50 |                34.60
           140 |         60 |                36.73
           140 |         70 |                27.13
           140 |         80 |                30.40
           140 |         90 |                36.86
           140 |        100 |                28.29
           140 |        110 |                25.22
           140 |        120 |                36.80
           140 |        130 |                34.73
           140 |        140 |                27.12
           140 |        150 |                34.87
           140 |        160 |                32.00
           140 |        170 |                31.51
           140 |        180 |                34.57
           140 |        190 |                32.32
           150 |         10 |                16.57
           150 |         20 |                44.59
           150 |         30 |                37.03
           150 |         40 |                28.42
           150 |         50 |                29.86
           150 |         60 |                35.05
           150 |         70 |                32.66
           150 |         80 |                36.50
           150 |         90 |                34.19
           150 |        100 |                32.27
           150 |        110 |                34.79
           150 |        120 |                32.88
           150 |        130 |                30.18
           150 |        140 |                36.57
           150 |        150 |                36.51
           150 |        160 |                29.64
           150 |        170 |                37.85
           150 |        180 |                30.30
           150 |        190 |                34.12
           160 |         10 |                28.12
           160 |         20 |                30.41
           160 |         30 |                39.85
           160 |         40 |                30.69
           160 |         50 |                31.49
           160 |         60 |                32.79
           160 |         70 |                29.60
           160 |         80 |                31.68
           160 |         90 |                34.50
           160 |        100 |                38.50
           160 |        110 |                37.54
           160 |        120 |                35.51
           160 |        130 |                29.64
           160 |        140 |                33.29
           160 |        150 |                28.70
           160 |        160 |                28.30
           160 |        170 |                32.24
           160 |        180 |                36.36
           160 |        190 |                28.21
           170 |         10 |                33.43
           170 |         20 |                26.52
           170 |         30 |                32.34
           170 |         40 |                38.22
           170 |         50 |                25.38
           170 |         60 |                34.75
           170 |         70 |                28.48
           170 |         80 |                35.64
           170 |         90 |                32.44
           170 |        100 |                24.85
           170 |        110 |                34.17
           170 |        120 |                33.87
           170 |        130 |                33.22
           170 |        140 |                31.43
           170 |        150 |                31.41
           170 |        160 |                33.62
           170 |        170 |                35.17
           170 |        180 |                33.62
           170 |        190 |                37.97
           180 |         10 |                28.34
           180 |         20 |                23.79
           180 |         30 |                35.01
           180 |         40 |                30.71
           180 |         50 |                36.10
           180 |         60 |                31.50
           180 |         70 |                27.58
           180 |         80 |                34.56
           180 |         90 |                30.77
           180 |        100 |                39.79
           180 |        110 |                27.66
           180 |        120 |                31.06
           180 |        130 |                29.30
           180 |        140 |                35.02
           180 |        150 |                33.75
           180 |        160 |                30.22
           180 |        170 |                31.61
           180 |        180 |                36.91
           180 |        190 |                30.00
           190 |         10 |                55.51
           190 |         20 |                32.90
           190 |         30 |                43.01
           190 |         40 |                24.69
           190 |         50 |                36.51
           190 |         60 |                28.19
           190 |         70 |                38.81
           190 |         80 |                35.43
           190 |         90 |                34.19
           190 |        100 |                34.26
           190 |        110 |                32.41
           190 |        120 |                36.26
           190 |        130 |                35.46
           190 |        140 |                28.64
           190 |        150 |                30.79
           190 |        160 |                32.11
           190 |        170 |                33.01
           190 |        180 |                38.79
           190 |        190 |                34.77