Map 8 (shortest path) goal utility 55
Grass Capacity | Population | Universalized Utility
--------------------------------------------------
            10 |         10 |              -964.24
            10 |         20 |              -469.06
            10 |         30 |              -298.45
            10 |         40 |              -220.90
            10 |         50 |              -164.87
            10 |         60 |              -132.54
            10 |         70 |              -112.52
            10 |         80 |               -95.55
            10 |         90 |               -83.34
            10 |        100 |               -71.24
            10 |        110 |               -56.45
            10 |        120 |               -49.00
            10 |        130 |               -48.84
            10 |        140 |               -39.87
            10 |        150 |               -28.14
            10 |        160 |               -29.62
            10 |        170 |               -28.32
            10 |        180 |               -24.72
            10 |        190 |               -21.36
            20 |         10 |              -963.07
            20 |         20 |              -467.35
            20 |         30 |              -303.75
            20 |         40 |              -218.20
            20 |         50 |              -166.94
            20 |         60 |              -136.38
            20 |         70 |              -114.60
            20 |         80 |               -85.72
            20 |         90 |               -74.87
            20 |        100 |               -72.38
            20 |        110 |               -63.89
            20 |        120 |               -51.03
            20 |        130 |               -47.08
            20 |        140 |               -37.89
            20 |        150 |               -34.95
            20 |        160 |               -35.72
            20 |        170 |               -26.49
            20 |        180 |               -24.91
            20 |        190 |               -19.37
            30 |         10 |                30.82
            30 |         20 |              -470.61
            30 |         30 |              -298.95
            30 |         40 |              -213.13
            30 |         50 |              -166.34
            30 |         60 |              -139.75
            30 |         70 |              -111.30
            30 |         80 |               -90.73
            30 |         90 |               -77.82
            30 |        100 |               -69.13
            30 |        110 |               -53.11
            30 |        120 |               -49.43
            30 |        130 |               -43.77
            30 |        140 |               -36.89
            30 |        150 |               -38.13
            30 |        160 |               -31.86
            30 |        170 |               -26.38
            30 |        180 |               -25.69
            30 |        190 |               -18.85
            40 |         10 |                21.92
            40 |         20 |              -469.14
            40 |         30 |              -305.98
            40 |         40 |              -218.52
            40 |         50 |              -164.34
            40 |         60 |              -135.01
            40 |         70 |              -111.49
            40 |         80 |               -92.81
            40 |         90 |               -72.05
            40 |        100 |               -64.53
            40 |        110 |               -53.42
            40 |        120 |               -43.48
            40 |        130 |               -41.92
            40 |        140 |               -41.52
            40 |        150 |               -32.55
            40 |        160 |               -31.36
            40 |        170 |               -29.82
            40 |        180 |               -23.42
            40 |        190 |               -19.68
            50 |         10 |                39.50
            50 |         20 |                25.30
            50 |         30 |              -302.93
            50 |         40 |              -223.69
            50 |         50 |              -170.42
            50 |         60 |              -143.14
            50 |         70 |              -110.21
            50 |         80 |               -91.12
            50 |         90 |               -73.85
            50 |        100 |               -73.82
            50 |        110 |               -53.28
            50 |        120 |               -45.58
            50 |        130 |               -42.16
            50 |        140 |               -35.61
            50 |        150 |               -34.00
            50 |        160 |               -25.65
            50 |        170 |               -25.38
            50 |        180 |               -22.43
            50 |        190 |               -15.74
            60 |         10 |                28.69
            60 |         20 |                32.77
            60 |         30 |              -300.08
            60 |         40 |              -218.66
            60 |         50 |              -162.54
            60 |         60 |              -137.12
            60 |         70 |              -109.36
            60 |         80 |               -92.70
            60 |         90 |               -80.57
            60 |        100 |               -71.19
            60 |        110 |               -59.42
            60 |        120 |               -49.99
            60 |        130 |               -43.08
            60 |        140 |               -36.30
            60 |        150 |               -37.54
            60 |        160 |               -27.63
            60 |        170 |               -28.07
            60 |        180 |               -20.75
            60 |        190 |               -20.06
            70 |         10 |                33.23
            70 |         20 |                32.13
            70 |         30 |              -296.60
            70 |         40 |              -225.43
            70 |         50 |              -167.54
            70 |         60 |              -132.31
            70 |         70 |              -115.23
            70 |         80 |               -94.35
            70 |         90 |               -75.93
            70 |        100 |               -71.46
            70 |        110 |               -63.35
            70 |        120 |               -49.57
            70 |        130 |               -40.98
            70 |        140 |               -37.53
            70 |        150 |               -38.44
            70 |        160 |               -33.02
            70 |        170 |               -22.82
            70 |        180 |               -21.27
            70 |        190 |               -16.48
            80 |         10 |                34.06
            80 |         20 |                28.24
            80 |         30 |                30.81
            80 |         40 |              -209.70
            80 |         50 |              -168.65
            80 |         60 |              -132.84
            80 |         70 |              -109.46
            80 |         80 |               -87.22
            80 |         90 |               -74.48
            80 |        100 |               -70.14
            80 |        110 |               -59.28
            80 |        120 |               -50.62
            80 |        130 |               -40.20
            80 |        140 |               -39.50
            80 |        150 |               -29.68
            80 |        160 |               -27.88
            80 |        170 |               -26.39
            80 |        180 |               -18.16
            80 |        190 |               -20.79
            90 |         10 |                45.67
            90 |         20 |                30.89
            90 |         30 |                20.44
            90 |         40 |              -215.96
            90 |         50 |              -169.81
            90 |         60 |              -129.06
            90 |         70 |              -115.39
            90 |         80 |               -95.75
            90 |         90 |               -79.30
            90 |        100 |               -66.79
            90 |        110 |               -58.99
            90 |        120 |               -55.54
            90 |        130 |               -48.85
            90 |        140 |               -44.36
            90 |        150 |               -33.21
            90 |        160 |               -30.10
            90 |        170 |               -21.52
            90 |        180 |               -27.59
            90 |        190 |               -17.39
           100 |         10 |                28.54
           100 |         20 |                35.33
           100 |         30 |                28.62
           100 |         40 |              -215.01
           100 |         50 |              -167.66
           100 |         60 |              -137.20
           100 |         70 |              -106.44
           100 |         80 |               -86.60
           100 |         90 |               -80.79
           100 |        100 |               -66.62
           100 |        110 |               -62.83
           100 |        120 |               -53.46
           100 |        130 |               -48.93
           100 |        140 |               -34.47
           100 |        150 |               -38.38
           100 |        160 |               -29.47
           100 |        170 |               -22.81
           100 |        180 |               -24.87
           100 |        190 |               -20.52
           110 |         10 |                28.96
           110 |         20 |                40.27
           110 |         30 |                25.76
           110 |         40 |              -205.23
           110 |         50 |              -167.88
           110 |         60 |                22.25
           110 |         70 |              -112.53
           110 |         80 |               -93.19
           110 |         90 |               -76.73
           110 |        100 |               -66.19
           110 |        110 |               -60.12
           110 |        120 |               -48.18
           110 |        130 |               -49.82
           110 |        140 |               -34.39
           110 |        150 |               -33.46
           110 |        160 |               -32.19
           110 |        170 |               -26.49
           110 |        180 |               -24.93
           110 |        190 |               -22.79
           120 |         10 |                19.65
           120 |         20 |                26.95
           120 |         30 |                31.12
           120 |         40 |              -207.51
           120 |         50 |              -164.05
           120 |         60 |              -142.91
           120 |         70 |              -109.83
           120 |         80 |               -85.49
           120 |         90 |               -85.36
           120 |        100 |               -65.71
           120 |        110 |               -58.73
           120 |        120 |               -49.04
           120 |        130 |               -45.50
           120 |        140 |               -39.27
           120 |        150 |               -32.85
           120 |        160 |               -32.94
           120 |        170 |               -24.17
           120 |        180 |               -26.61
           120 |        190 |               -22.84
           130 |         10 |                37.61
           130 |         20 |                15.03
           130 |         30 |                27.82
           130 |         40 |              -209.57
           130 |         50 |                26.72
           130 |         60 |                27.68
           130 |         70 |              -104.35
           130 |         80 |               -98.15
           130 |         90 |               -76.59
           130 |        100 |               -65.60
           130 |        110 |               -55.62
           130 |        120 |               -59.71
           130 |        130 |               -47.59
           130 |        140 |               -38.54
           130 |        150 |               -38.40
           130 |        160 |               -28.69
           130 |        170 |               -29.24
           130 |        180 |               -19.05
           130 |        190 |               -22.56
           140 |         10 |                44.02
           140 |         20 |                23.30
           140 |         30 |                37.13
           140 |         40 |                29.41
           140 |         50 |              -168.94
           140 |         60 |              -123.92
           140 |         70 |              -107.69
           140 |         80 |               -92.24
           140 |         90 |               -74.82
           140 |        100 |               -72.30
           140 |        110 |               -53.09
           140 |        120 |               -49.93
           140 |        130 |               -46.25
           140 |        140 |               -39.02
           140 |        150 |               -33.59
           140 |        160 |               -31.10
           140 |        170 |               -21.64
           140 |        180 |               -20.06
           140 |        190 |               -27.78
           150 |         10 |                43.95
           150 |         20 |                24.37
           150 |         30 |                38.93
           150 |         40 |                31.17
           150 |         50 |                29.94
           150 |         60 |              -131.55
           150 |         70 |              -109.73
           150 |         80 |               -86.01
           150 |         90 |               -77.97
           150 |        100 |               -66.10
           150 |        110 |               -55.18
           150 |        120 |               -56.01
           150 |        130 |               -39.88
           150 |        140 |               -35.79
           150 |        150 |               -38.09
           150 |        160 |               -32.67
           150 |        170 |               -26.38
           150 |        180 |               -23.52
           150 |        190 |               -21.07
           160 |         10 |                33.20
           160 |         20 |                36.13
           160 |         30 |                17.58
           160 |         40 |              -208.27
           160 |         50 |                31.55
           160 |         60 |                21.80
           160 |         70 |              -112.41
           160 |         80 |               -93.66
           160 |         90 |               -80.62
           160 |        100 |               -69.05
           160 |        110 |               -63.27
           160 |        120 |               -51.05
           160 |        130 |               -45.29
           160 |        140 |               -35.43
           160 |        150 |               -34.10
           160 |        160 |               -22.73
           160 |        170 |               -21.11
           160 |        180 |               -17.11
           160 |        190 |               -20.31
           170 |         10 |                20.90
           170 |         20 |                17.03
           170 |         30 |                23.18
           170 |         40 |                34.23
           170 |         50 |                26.71
           170 |         60 |              -136.29
           170 |         70 |              -104.57
           170 |         80 |               -90.57
           170 |         90 |               -80.31
           170 |        100 |               -69.56
           170 |        110 |               -59.67
           170 |        120 |               -54.68
           170 |        130 |               -43.90
           170 |        140 |               -37.58
           170 |        150 |               -36.86
           170 |        160 |               -30.63
           170 |        170 |               -26.27
           170 |        180 |               -22.62
           170 |        190 |               -25.12
           180 |         10 |                48.91
           180 |         20 |                28.49
           180 |         30 |                37.92
           180 |         40 |                38.69
           180 |         50 |              -154.14
           180 |         60 |              -128.24
           180 |         70 |                23.48
           180 |         80 |               -93.02
           180 |         90 |               -77.87
           180 |        100 |               -62.70
           180 |        110 |               -56.76
           180 |        120 |               -51.70
           180 |        130 |               -42.83
           180 |        140 |               -33.52
           180 |        150 |               -36.39
           180 |        160 |               -28.89
           180 |        170 |               -31.33
           180 |        180 |               -25.22
           180 |        190 |               -22.51
           190 |         10 |                34.14
           190 |         20 |                22.40
           190 |         30 |                29.09
           190 |         40 |                27.10
           190 |         50 |                27.29
           190 |         60 |              -130.88
           190 |         70 |              -108.96
           190 |         80 |               -91.00
           190 |         90 |               -77.48
           190 |        100 |               -62.23
           190 |        110 |               -54.58
           190 |        120 |               -46.69
           190 |        130 |               -43.52
           190 |        140 |               -40.29
           190 |        150 |               -36.00
           190 |        160 |               -27.61
           190 |        170 |               -29.89
           190 |        180 |               -25.61
           190 |        190 |               -17.51
